{
    "camera_angle_x": 0.5235987755982988,
    "frames": [
        {
            "file_path": "./train/1",
            "rotation": 0.012,
            "transform_matrix": [
                [
                    -0.5,
                    -0.29619815945625305,
                    0.813797652721405,
                    3.25519061088562
                ],
                [
                    0.8660253882408142,
                    -0.1710100919008255,
                    0.46984630823135376,
                    1.879385232925415
                ],
                [
                    0.0,
                    0.9396926164627075,
                    0.3420201539993286,
                    1.3680806159973145
                ],
                [
                    0.0,
                    0.0,
                    0.0,
                    1.0
                ]
            ]
        },
        {
            "file_path": "./train/2",
            "rotation": 0.012,
            "transform_matrix": [
                [
                    -1.0,
                    1.0632885650583262e-17,
                    6.030208869493636e-17,
                    2.4120832830996583e-16
                ],
                [
                    6.123234262925839e-17,
                    0.1736481934785843,
                    0.9848077893257141,
                    3.9392309188842773
                ],
                [
                    0.0,
                    0.9848077893257141,
                    -0.1736481934785843,
                    -0.6945927143096924
                ],
                [
                    0.0,
                    0.0,
                    0.0,
                    1.0
                ]
            ]
        },
        {
            "file_path": "./train/3",
            "rotation": 0.012,
            "transform_matrix": [
                [
                    -0.5,
                    0.29619815945625305,
                    -0.813797652721405,
                    -3.25519061088562
                ],
                [
                    -0.8660253882408142,
                    -0.1710100919008255,
                    0.46984630823135376,
                    1.879385232925415
                ],
                [
                    0.0,
                    0.9396926164627075,
                    0.3420201539993286,
                    1.3680806159973145
                ],
                [
                    0.0,
                    0.0,
                    0.0,
                    1.0
                ]
            ]
        },
        {
            "file_path": "./train/4",
            "rotation": 0.012,
            "transform_matrix": [
                [
                    0.5,
                    -0.15038374066352844,
                    -0.8528685569763184,
                    -3.4114742279052734
                ],
                [
                    -0.866025447845459,
                    -0.08682408928871155,
                    -0.49240386486053467,
                    -1.9696154594421387
                ],
                [
                    0.0,
                    0.9848077893257141,
                    -0.1736481785774231,
                    -0.6945927143096924
                ],
                [
                    0.0,
                    0.0,
                    0.0,
                    1.0
                ]
            ]
        },
        {
            "file_path": "./train/5",
            "rotation": 0.012,
            "transform_matrix": [
                [
                    1.0,
                    6.282808652743649e-17,
                    -1.7261873691019539e-16,
                    -6.9047494764078155e-16
                ],
                [
                    -1.8369702788777518e-16,
                    0.3420201539993286,
                    -0.9396926164627075,
                    -3.75877046585083
                ],
                [
                    0.0,
                    0.9396926164627075,
                    0.3420201539993286,
                    1.3680806159973145
                ],
                [
                    0.0,
                    0.0,
                    0.0,
                    1.0
                ]
            ]
        },
        {
            "file_path": "./train/6",
            "rotation": 0.012,
            "transform_matrix": [
                [
                    0.5,
                    0.15038374066352844,
                    0.8528685569763184,
                    3.4114742279052734
                ],
                [
                    0.866025447845459,
                    -0.08682408928871155,
                    -0.49240386486053467,
                    -1.9696154594421387
                ],
                [
                    -0.0,
                    0.9848077893257141,
                    -0.1736481785774231,
                    -0.6945927143096924
                ],
                [
                    0.0,
                    0.0,
                    0.0,
                    1.0
                ]
            ]
        }
    ]
}